 684
 683
 682
 421
 463
 464
 465
 466
 671
 672
 467
 468
 469
 470
 675
 676
 474
 473
 472
 471
 673
 674
 609
 608
 607
 606
 677
 678
 546
 547
 670
 669
 668
 667
 527
 528
 529
 530
 531
 532
 533
 534
 535
 536
 653
 654
 655
 656
 657
 658
 659
 652
 651
 650
 649
 648
 647
 646
 645
 644
 643
 642
 537
 538
 539
 540
 541
 542
 475
 476
 477
 478
 479
 480
 481
 482
 483
 484
 485
 486
 487
 488
 489
 490
 497
 498
 499
 500
 501
 502
 503
 504
 505
 506
 507
 508
 509
 510
 511
 512
 513
 514
 515
 516
 517
 518
 519
 520
 521
 522
 523
 524
 525
 526
 491
 492
 493
 494
 495
 496
 618
 617
 616
 625
 624
 623
 622
 621
 620
 619
 631
 630
 629
 628
 627
 626
 636
 635
 634
 633
 632
 641
 640
 639
 638
 637
 615
 314
 313
 312
 438
 311
 310
 309
 308
 565
 564
 566
 462
 461
 460
 459
 458
 457
 456
 561
 424
 423